17,2
17,1
17,3
15,2
15,1
15,3
16,2
16,1
16,3
13,2
14,2
4,40
4,39
4,4
4,75
4,88
4,80
4,73
4,65
4,77
4,28
4,1
4,38
4,2
4,3
6,6
6,1
6,7
6,2
6,3
7,12
7,10
7,4
7,5
7,13
7,9
7,1
7,6
7,2
7,3
5,4
5,2
5,1
5,3
31,3
31,2
31,1
31,0
30,3
30,2
30,1
30,0
29,3
29,2
29,1
29,0
28,3
28,2
28,1
28,0
27,3
27,2
0,283
0,243
27,1
27,0
26,3
26,2
0,9
26,1
26,0
25,52
25,51
25,50
25,49
25,48
25,47
25,46
25,45
25,44
25,43
25,42
25,41
25,40
25,39
25,38
25,37
25,36
25,35
3,1
3,3
10,239
10,75
10,157
10,173
10,131
11,19
11,5
11,13
9,5
9,7
8,7
